262,
392,
330,
349,
262,
392,
330,
0,
262,
392,
330,
349,
262,
392,
262,
0,
262,
330,
392,
0,
262,
330,
440,
0,
262,
330,
497,
0,
262,
330,
262,
0,
294,
330,
349,
330,
349,
392,
0,
392,
262,
294,
349,
497,
0,
497,
349,
392,
497,
497,
0,
880,
784,
659,
587,
0,
587,
0,
587,
659,
698,
0,
698,
784,
880,
0,
880,
523,
587,
698,
988,
988,
988,
880,
880,
0,
587,
497,
392,
0,
392,
497,
349,
0,
349,
440,
262,
0,
440,
262,
294,
0,
392,
440,
349,
0,
349,
294,
262,
0,
330,
392,
349,
0,
392,
330,
262,
0,
392,
330,
349,
0,
392,
262,
497,
587,
392,
