480,
480,
480,
480,
480,
480,
480,
480,
480,
480,
480,
480,
480,
480,
480,
480,
480,
480,
480,
480,
480,
480,
480,
480,
480,
480,
480,
480,
480,
480,
480,
480,
480,
480,
480,
480,
480,
480,
480,
480,
480,
480,
480,
480,
480,
480,
480,
480,
480,
480,
480,
480,
480,
480,
480,
480,
480,
480,
540,
540,
540,
480,
540,
540,
540,
480,
540,
540,
540,
540,
540,
540,
540,
540,
540,
540,
480,
480,
480,
480,
480,
480,
480,
480,
480,
480,
480,
480,
480,
480,
480,
480,
480,
480,
480,
480,
480,
480,
480,
480,
480,
480,
480,
480,
480,
480,
480,
480,
480,
480,
480,
480,
480,
480,
480,
480,
480,
